26
73
19
34
84
99
30
54
12
70
6
74
24
51
17
6
86
3
22
68
9
79
25
67
62
43
87
46
41
47
32
91
75
21
89
56
51
68
29
96
84
10
69
49
54
95
25
53
10
13
97
11
6
79
68
39
19
72
45
78
92
20
82
30
46
22
8
63
12
53
57
82
67
94
13
39
24
16
68
77
65
88
54
47
12
92
83
81
27
27
49
25
2
37
99
4
50
39
10
80
43
77
4
54
31
4
83
17
51
47
32
64
1
28
8
67
16
73
18
12
5
43
19
84
9
9
34
79
33
85
72
72
82
43
11
78
12
14
67
58
81
89
4
75
25
61
43
53
67
25
30
39
43
9
69
80
79
51
90
96
70
81
21
60
65
12
68
7
41
20
36
54
48
69
1
54
12
62
1
28
43
58
72
54
4
3
48
54
34
38
26
28
77
92
47
49
55
51
50
94
59
89
19
9
40
26
89
95
56
90
93
80
32
10
81
64
89
70
65
58
82
82
23
70
65
76
15
73
77
83
33
99
35
32
78
51
24
9
97
66
1
71
51
31
60
72
95
18
4
69
8
6
17
25
80
72
90
40
20
9
92
49
39
6
15
78
61
57
78
82
10
63
99
69
41
26
3
93
65
61
91
54
98
10
61
34
25
12
38
46
71
50
33
94
38
49
86
64
16
12
39
56
50
55
45
3
73
27
94
51
54
91
2
53
52
96
27
72
22
88
50
31
51
84
26
97
79
46
100
6
68
43
85
34
25
3
46
10
100
49
94
89
91
26
51
42
41
82
97
47
74
45
41
20
86
24
75
91
32
18
99
12
35
39
23
70
66
72
44
70
99
86
36
26
70
75
29
30
9
94
29
69
62
91
93
7
79
74
48
35
33
49
86
37
56
43
20
3
55
52
50
85
16
31
40
100
24
71
34
90
51
26
96
85
37
28
33
24
9
59
83
61
25
33
30
24
44
35
18
23
34
8
57
38
58
4
54
97
69
79
70
99
99
6
62
54
25
14
32
93
86
61
50
20
49
14
26
88
70
26
26
3
73
32
3
49
67
76
37
83
100
15
86
70
36
71
66
52
48
51
63
23
27
75
56
74
58
55
41
61
39
22
79
29
12
63
33
56
78
73
56
87
9
58
91
71
32
99
49
52
24
24
92
85
55
3
83
56
7
46
50
72
87
51
32
8
75
77
69
59
26
92
24
97
36
84
69
13
55
45
82
58
56
44
12
58
15
20
8
44
91
55
59
79
15
24
44
93
58
97
13
77
80
80
98
76
39
69
39
38
10
93
38
71
29
78
52
89
78
53
58
60
90
46
97
6
70
20
2
27
25
87
15
28
98
47
60
5
50
52
41
31
26
25
46
96
25
79
29
37
50
41
19
4
25
62
44
94
86
94
1
31
28
35
45
19
55
38
18
9
12
33
5
1
37
57
94
41
50
49
29
45
63
82
54
12
5
28
29
44
61
83
89
86
85
83
11
96
11
39
42
61
19
68
76
97
3
74
20
22
100
47
49
50
75
22
33
57
96
61
52
79
40
5
11
97
52
15
84
70
15
27
12
50
69
96
89
24
8
80
49
94
45
63
86
17
32
94
76
88
82
99
81
93
42
5
11
73
41
100
24
65
2
15
9
95
83
57
97
66
45
18
6
63
60
10
12
22
97
35
76
52
92
46
46
92
49
20
71
49
5
57
78
86
52
23
60
70
26
81
39
54
87
14
88
43
52
83
84
56
71
55
88
64
84
2
32
9
1
88
38
59
91
86
49
16
7
23
73
24
19
96
67
62
1
59
58
16
14
22
16
12
15
24
48
33
96
90
93
97
21
40
19
68
39
44
19
99
94
72
79
85
5
61
27
28
66
27
7
21
12
72
2
32
2
97
98
52
26
64
36
2
53
96
18
22
9
14
13
6
77
38
63
7
99
41
14
64
90
46
13
31
66
75
55
1
44
22
91
97
85
65
32
79
70
97
27
1
17
12
48
69
94
23
47
48
63
76
18
4
96
99
85
82
42
10
6
2
26
27
71
6
43
70
71
52
76
44
60
24
94
13
28
30
25
74
24
84
72
77
34
38
95
98
50
39
57
32
99
96
100
40
63
70
1
59
94
42
65
17
14
56
77
7
17
97
29
99
36
59
45
12
6
60
76
39
14
39
38
97
97
5
26
35
66
53
24
12
6
81
20
87
67
89
14
60
68
17
77
38
46
68
53
61
44
95
64
94
48
47
13
31
58
83
54
93
55
61
42
70
